0.856614 0.153718 0.842447
0.847081 0.639761 0.355321
0.641228 0.14735 0.847742
0.141844 0.856147 0.354292
0.849883 0.652435 0.353296
0.647266 0.141041 0.853738
0.656055 0.149182 0.855575
0.155824 0.850807 0.343925
0.852494 0.160472 0.852066
0.145757 0.847439 0.343902
0.845307 0.159201 0.843804
0.840491 0.153861 0.85543
0.156739 0.854143 0.357285
0.152196 0.849172 0.354939
0.857195 0.150121 0.85152
0.15598 0.846727 0.356129
0.141258 0.85248 0.354508
0.855145 0.153109 0.847222
0.841818 0.15471 0.853658
0.657485 0.149003 0.854361
0.645444 0.147815 0.8527
0.165992 0.846452 0.350296
0.850072 0.645753 0.345482
0.849413 0.653919 0.357762
0.847197 0.154612 0.837902
0.842765 0.659968 0.349757
0.148222 0.84999 0.342596
0.85544 0.144978 0.844022
0.65461 0.157842 0.862567
0.847708 0.64114 0.356022
0.650908 0.161716 0.848221
0.848754 0.153293 0.843909
0.14947 0.853109 0.353045
0.848451 0.656439 0.347613
0.854804 0.145976 0.84666
0.858675 0.646223 0.351465
0.146332 0.862578 0.347774
0.649614 0.145603 0.85606
0.154163 0.847781 0.34478
0.651169 0.150675 0.841661
0.851841 0.149912 0.85501
0.845325 0.145649 0.845435
0.650473 0.14929 0.85189
0.840289 0.160839 0.85108
0.853645 0.145725 0.853496
0.149345 0.844486 0.354432
0.648143 0.14938 0.849219
0.157902 0.855948 0.351748
0.858498 0.654665 0.343501
0.64866 0.160465 0.84117
0.144253 0.850524 0.354459
0.84267 0.150544 0.851063
0.649032 0.141881 0.860335
0.151808 0.846151 0.34805
0.848587 0.153503 0.841402
0.656685 0.142552 0.842485
0.847591 0.149129 0.848755
0.144464 0.849345 0.339156
0.839902 0.650513 0.350572
0.15872 0.850667 0.353625
0.645235 0.158153 0.838071
0.846295 0.14836 0.853071
0.860822 0.64662 0.345369
0.142751 0.837229 0.359289
0.656752 0.14952 0.846528
0.142749 0.849738 0.341512
0.649368 0.159829 0.840859
0.649935 0.141312 0.86246
0.153908 0.838156 0.349161
0.853333 0.152005 0.853176
0.648398 0.155408 0.848596
0.647417 0.145894 0.85776
0.853351 0.15331 0.848679
0.132651 0.850567 0.355602
0.151344 0.844364 0.358656
0.849155 0.151184 0.852992
0.656652 0.145538 0.853791
0.658527 0.140558 0.849432
0.840989 0.648156 0.35353
0.854783 0.153269 0.850206
0.848239 0.653095 0.350526
0.647233 0.14638 0.841504
0.852692 0.151134 0.850504
0.644488 0.142902 0.850805
0.862894 0.153266 0.846004
0.839266 0.152156 0.854567
0.843251 0.146356 0.844544
0.839621 0.145518 0.848059
0.646859 0.150416 0.851051
0.654841 0.143341 0.846298
0.843057 0.152747 0.84668
0.851689 0.655445 0.351632
0.150695 0.858352 0.346031
0.848925 0.160287 0.850304
0.6506 0.148029 0.842535
0.849443 0.650477 0.340618
0.65688 0.152668 0.843581
0.150493 0.856523 0.349138
0.858984 0.644486 0.355873
0.145522 0.858972 0.334848
0.157375 0.843758 0.34776
0.838166 0.144973 0.8626
0.832242 0.659279 0.344844
0.842763 0.151247 0.861711
0.847272 0.638731 0.345815
0.65601 0.148939 0.852787
0.84939 0.654913 0.338594
0.654147 0.148902 0.842513
0.156185 0.855375 0.349985
0.853867 0.652018 0.348867
0.863689 0.650626 0.352569
0.84757 0.645554 0.350368
0.648103 0.153317 0.848335
0.149327 0.852386 0.353843
0.855405 0.657666 0.350685
0.848272 0.142347 0.841258
0.844454 0.151618 0.848498
0.648226 0.15379 0.848979
0.145789 0.852787 0.333826
0.137674 0.852371 0.358895
0.151511 0.856384 0.353211
0.845515 0.652942 0.345198
0.855193 0.150306 0.841531
0.856376 0.637379 0.347824
0.84784 0.150441 0.850701
0.838672 0.148522 0.841466
0.849027 0.14493 0.857017
0.846392 0.650524 0.337613
0.853169 0.645288 0.357119
0.145301 0.848352 0.348572
0.841099 0.153536 0.840789
0.642176 0.15573 0.858988
0.858431 0.151416 0.854487
0.149905 0.850306 0.34049
0.153336 0.857691 0.34877
0.85407 0.645678 0.356839
0.84536 0.64904 0.350004
0.845063 0.145703 0.853338
0.658212 0.141524 0.856107
0.648017 0.148841 0.844343
0.655345 0.141645 0.85975
0.853971 0.14172 0.859598
0.145025 0.843103 0.351289
0.838199 0.651824 0.354223
0.851327 0.64976 0.350298
0.85419 0.647997 0.353763
0.656276 0.14423 0.849126
0.854892 0.164942 0.853158
0.852884 0.656202 0.345023
0.1539 0.851674 0.359675
0.147779 0.852843 0.337486
0.854048 0.654386 0.339803
0.151495 0.844673 0.345048
0.165049 0.84865 0.346509
0.149132 0.85402 0.350383
0.857054 0.661732 0.348065
0.140207 0.850524 0.353039
0.151537 0.850181 0.356845
0.65157 0.144929 0.854995
0.855586 0.147318 0.845397
0.64956 0.150902 0.854098
0.868466 0.643576 0.357245
0.853688 0.154423 0.84317
0.149666 0.860577 0.357657
0.151033 0.853666 0.350834
0.64814 0.148488 0.847325
0.153196 0.840013 0.347873
0.153871 0.844847 0.364011
0.86024 0.154442 0.849461
0.148252 0.851183 0.340391
0.14996 0.846283 0.351596
0.845962 0.643494 0.35108
0.645431 0.153175 0.865358
0.647115 0.152032 0.835301
0.857184 0.155265 0.851399
0.850394 0.650339 0.360339
0.849667 0.648042 0.348846
0.662599 0.15087 0.847844
0.634808 0.138725 0.852383
0.839033 0.645826 0.352087
0.64506 0.15191 0.859179
0.159026 0.855052 0.348676
0.847342 0.152777 0.852526
0.654321 0.1456 0.856865
0.843838 0.667694 0.347878
0.65094 0.162168 0.863717
0.147298 0.848989 0.345407
0.659848 0.138769 0.85399
0.643456 0.166223 0.853088
0.657607 0.156652 0.85703
0.640266 0.144098 0.852743
0.159937 0.850071 0.34887
0.847985 0.146481 0.847566
0.157181 0.852499 0.356224
0.644284 0.135802 0.840137
0.858684 0.657102 0.350735
0.851441 0.13807 0.861518
0.154465 0.847076 0.346551
0.851584 0.141358 0.847237
0.641565 0.142176 0.84502
0.851305 0.15239 0.848146
0.134358 0.85209 0.347925
0.644465 0.140075 0.850865
0.655752 0.150177 0.856962
0.853917 0.647218 0.350606
0.845642 0.152009 0.85288
0.652428 0.153559 0.860865
0.849234 0.641771 0.350203
0.657085 0.156409 0.837376
0.847715 0.145115 0.845294
0.851257 0.639315 0.363568
0.863021 0.142982 0.855039
0.14374 0.857645 0.349367
0.848946 0.654174 0.34491
0.85181 0.646968 0.345995
0.855983 0.655815 0.354797
0.145509 0.849346 0.346583
0.159137 0.853265 0.342742
0.85141 0.645354 0.34942
0.650193 0.155876 0.842437
0.846919 0.654691 0.353251
0.847121 0.145982 0.84864
0.853972 0.150782 0.852256
0.846543 0.146083 0.846913
0.832634 0.145365 0.84401
0.643869 0.154731 0.839076
0.635517 0.149541 0.85422
0.654398 0.153885 0.850255
0.840839 0.16566 0.852904
0.145761 0.837465 0.34653
0.842122 0.165359 0.839183
0.846661 0.639896 0.352234
0.138194 0.839349 0.341715
0.846313 0.63976 0.348563
0.848473 0.659381 0.345539
0.65338 0.137023 0.855472
0.846079 0.654787 0.36359
0.161787 0.845669 0.351768
0.856874 0.653505 0.351896
0.855173 0.157197 0.858882
0.157712 0.848613 0.342279
0.651788 0.153975 0.849691
0.860075 0.650143 0.353783
0.658297 0.149294 0.83484
0.142015 0.864146 0.346737
0.845473 0.651108 0.344647
0.655213 0.148366 0.854144
0.15687 0.856521 0.352788
0.153911 0.850894 0.343136
0.155223 0.850092 0.339001
0.85766 0.151739 0.846254
0.162377 0.854044 0.35289
0.64839 0.148031 0.855959
0.155709 0.854978 0.356461
0.848418 0.157893 0.856002
0.65646 0.152836 0.842265
0.843019 0.147261 0.841819
0.14676 0.840204 0.351066
0.844937 0.647774 0.34599
0.844506 0.645807 0.355093
0.655364 0.146305 0.859535
0.639875 0.156302 0.847849
0.14356 0.839426 0.353503
0.857605 0.15446 0.848747
0.855042 0.643895 0.353649
0.837588 0.653685 0.360307
0.157146 0.852803 0.338899
0.84905 0.65861 0.348614
0.856567 0.154021 0.861856
0.156931 0.852781 0.355861
0.850558 0.646586 0.334724
0.858644 0.65578 0.361505
0.14636 0.849886 0.352199
0.850354 0.640606 0.349831
0.642909 0.164639 0.845625
0.848051 0.643093 0.34682
0.150463 0.846164 0.347977
0.848166 0.657995 0.350395
0.659633 0.155872 0.838028
0.654754 0.163566 0.854876
0.647101 0.151399 0.850295
0.148217 0.846339 0.348717
0.651761 0.142642 0.858276
0.154703 0.853546 0.35224
0.147009 0.846273 0.344969
0.848713 0.148839 0.847571
0.845162 0.641836 0.34248
0.856493 0.155989 0.854009
0.85973 0.657129 0.339664
0.853238 0.151817 0.853771
0.140454 0.857991 0.356913
0.848418 0.658593 0.348973
0.848303 0.156197 0.848697
0.846703 0.651312 0.352843
0.845572 0.148861 0.826453
0.853814 0.666003 0.345731
0.149674 0.855525 0.33378
0.64817 0.150834 0.853298
0.851994 0.654262 0.343943
0.643581 0.157607 0.845483
0.843328 0.147561 0.844805
0.151852 0.850434 0.356329
0.848474 0.150708 0.85251
0.156614 0.850441 0.351768
0.652419 0.157431 0.857933
0.639076 0.143137 0.854555
0.644962 0.158197 0.850687
0.851566 0.146789 0.853766
0.843427 0.651548 0.34396
0.649451 0.148461 0.8458
0.848515 0.157758 0.850837
0.845968 0.65001 0.355495
0.162857 0.851566 0.353336
0.651605 0.141761 0.852694
0.849096 0.650492 0.347386
0.847783 0.15692 0.851919
0.844224 0.649995 0.353319
0.14779 0.848006 0.340821
0.642457 0.151463 0.848704
0.658451 0.150478 0.844268
0.840082 0.143707 0.840841
0.848465 0.643694 0.357286
0.853459 0.154401 0.847682
0.851353 0.159997 0.853152
0.652036 0.160188 0.859478
0.842234 0.149544 0.844018
0.154344 0.84367 0.339872
0.852407 0.6585 0.355282
0.852812 0.643429 0.343163
0.850361 0.147323 0.85437
0.845974 0.647161 0.348437
0.860148 0.645627 0.341362
0.849835 0.657233 0.355656
0.862839 0.650125 0.339345
0.852705 0.645111 0.350677
0.837813 0.658957 0.353478
0.860009 0.159579 0.846708
0.14046 0.846739 0.341832
0.833892 0.642909 0.346784
0.141445 0.843526 0.344036
0.847687 0.15143 0.848061
0.656482 0.152609 0.853559
0.648637 0.152545 0.838695
0.157768 0.848935 0.347406
0.850088 0.1438 0.852282
0.851613 0.140945 0.856888
0.866517 0.651182 0.341431
0.856678 0.65477 0.349705
0.850845 0.661879 0.351286
0.843324 0.143516 0.843238
0.15453 0.845317 0.346879
0.844808 0.647339 0.338795
0.84257 0.648321 0.351689
0.653201 0.146632 0.849912
0.63807 0.149529 0.849622
0.650234 0.139021 0.837261
0.155387 0.849912 0.34273
0.853757 0.148438 0.850136
0.155507 0.854298 0.340105
0.650427 0.153922 0.847085
0.156589 0.855308 0.356497
0.150643 0.842538 0.349983
0.645725 0.146009 0.845043
0.848278 0.158776 0.849642
0.647014 0.144737 0.850526
0.857669 0.155614 0.861698
0.849694 0.141494 0.85095
0.854831 0.152765 0.854301
